502 III. Wort· nnd Ν66666666666606066066.

12806, 1300, 1310, 132c‚133o‚ 1370, 1396, ¹ Piceno, Ascoli 6003326.
1400, 1426, 1456, 1460, 1470,1486, 1500, 806666, Po'etro vgl. Potor, Petrus.
153b‚157a, 1586, 1606, 1666,1670,1680, 50.-Ρ66666-6066-016660 (D. Meto) 246.
17006, 1720, 1740, 1700, 1786,1790,1800, 506Ρὶ6666 606 Nantua ί D. Lyon) 26.
1826, 1846, 1850, 1920, 1936,1986, 2016, 50.-Ρι’6666 606 Ronon (Nenstnion) 16.
2036, 2070, 2080, 2096, 21160, 2130, 21566, 5. Pietro in Campo (D. Chiusi) 4036.
2176, 2206, 2210, 2220, 22306, 2250, 2326, S. Pietro di Cosomogna (D. Anagm) 3926.
2336, 2340, 2356, 2376, 2380, 2406, 2416, 5. 806066 6 Costollo, Kloster 3756.
2450, 2510, 25306, 2540, 2556, 2500, 25760, 5. Ρο6066 600 Cremona, Klostor 140, 350, 510,
2590, 20006, 2010, 2020, 2036, 2640, 26606, 546, 2610.
26706, 26806, 2726, 2740, 27506, 2786, 5. 806066 600 Lodi, Kloster 3776.
2796, 28160, 2836, 2840, 2886, 2890, 2906, 5. Ρο6066 Maggiore (Lucca) 3190.
2910, 2936, 2956, 2986, 29906, 3000, 3046, 5. Pz'etro di 04660666,Κο660663270, 3506, 35166,
3056, 3006, 3070, 3096, 31206, 31466, 3176, 3056.
318606, 3196, 3206, 3210, 32260, 3236, 5. Po'otro 600 86666666 (D. Tortono) 446.
32466, 3270, 3296, 3316, 3376, 3386, 3396, 5. 806066 600 8666606 (D. anca) 3986.
34060, 3410, 3440, 3450, 3406, 3476, 3496, 5. Ρο6066 600 Romo 246, 276, 1176, 11961620,
3566, 65666, onon, 353o, 65666, onoc, 6666, nno, 1ona, 291a,3oooc‚3ooa,3on‚
35760, 3586, 3610, 366606, 3086, 3700, 3856, 3906, 3926, 3936, 3976, 4016.
3726, 37306, 3746, 37560, 3776, 3786, 3796, S. Po'etro Romoi (D. Pistoia) 2530.
38006, 38266, 38360, 38566, 38006, 38706, S. Po'etro di Viconoa, Klosten 296, 3146.
3890, 39006, 391o,392a, 3936, 39560, 39660, 5. Piotro di Villo 6666 (D. Verona) 2160.
39766, 3986, 4036, 4040, 4050, 4006. 5. 806066 6 Andron 600 8660006666 (D. 8660)
Pergameni, niolo z'talz'onisclzos 4090. 2540-
Pergament, sn'o'dfranoosiscloos 876. 5. Pietro e Paolo di Rimini, 1060661786.
8066666666, D. 1416, 2646. 8666666-01666606066, D. 580, 726.
80666666, 060 (D. Noyon)19c. Piso, Ort n. D. 136, 330, 340, 566, 650, 770,
Ρ666666, 060 ( Τ 660666) 2396. 1006,1276, 1286, 14606, 1700, 17406,1816,
Pencgz'o, D. und 0602236, 3366, 3706, 3720. 1980, 2216, 2416, 2896, 2906, 2916, 3206,
Ponam, 060 (D. Penne) 3450, 37306. 3226, 3546, 3556, 3560, 3576, 3586.
86666606, Flnss (D. Penne) 3736. Pisaner 2140-
Peter ogl. 806666, 806066. Pisonen Domkopz'tol 1980, 2216, 2416, 2686,
Ρ6066, Aoo 6. 5. 56666066 6 Sosio di Napolo' 3976.
2850. Piston, D. 66660 060466, 1096, 1370, 2340,
Potor, Bo’sclz. 6. 66606 30706. 2356, 25306, 3406.
Potor, Bisclz. 6. Luna 3130. Pistor, Bisclo. 6. Vz'conoa 3346, 3496.
Peter, 806606. 6. Νο666 550. Ploaglzo, D. (5666006066) 1606.
Peter, Prior 6. 5. Leonordo (D. Siponto) Plunobirung 286, 340, 360, 370, 406, 416,
3696, 440, 456, 476, 516, 536, 556, 586, 590, 616,
Peter, Pnopst 6. 5. Antonino (D. Piocenzo) 620, 660, 686, 700, 7366, 746, 750, 766, 770,
2800. 786, 8060, 836, 840, 856, 860876, 896, 916,
8606660666, Klostor (D. 01606) 246. 930, 940,966,970,9860,996, 1000,1016,1026,
Petrus Foscorz', Bz'sclz. 6. Treviso 2596. 1046, 1086, 1116, 1126, 1130, 1146,1170,
Petrus, Grandaliconi‚ Bisclo. 6. Castello 2166, 1200, 1210, 1246, 1250, 1260 1280613100,
6666. 6666, 6666, noo, 137o, 6666, noo, 6666,
Petrus Il, Bisclz. 6. Pania 2776. 1456, 1400, 1470, 1486, 1500, 1530, 1576,
Petrus, Bo'sclo. 6. Teano 2766. 1586, 1606, 1606, 1670, 1680170οε, 1720,
Petrus, Kondinalprnster tit. 5. 5666666666 1740,17601786,1790,1800,1826,1846,
26166. 1856, 1920, 1936, 1986, 2016, 2036, 2070,
Petrus Longus, Magister (Doirogo) 2666, 2080, 2096, 21160, 2130, 21566, 2176, 2206,
3616. 6666666666,666663666666666,
Petrus, 5606006066 6. 8666606 2440. 2356, 2376, 2380, 2406, 2416, 2450, 2510,
Philipp, Bz'o'ngerof. Bari 2546. 25306, 2540, 2556, 2560, 25760, 2590,
Philipp J, 1066066. 8666066060 306. 26006, 2610, 2620, 2636, 2640, 26006,
86666666, D. u. Ort 326, 596, 606, 616, 806, 26706, 26806, 2726, 2740, 27506, 2786,
896, 9266, 976, 1006, 10966, 1796, 1800, 27960, 2806, 28160, 2836, 2840, 2886,
nono, 6666, 6666, 6666, onoc 6666, 66666, nono, 6666, oon, 6636, 6666, 6666, onon,
2810, 29906, 3146, 31960, 3246, 3256, 32766, 3000, 3046, 3056, 3066, 3070, 3096, 31206,

133766, 3536. Ι ( 31466, 3176, 318606, 3196, 3206, 3210,
86666666, Hos von (Lodo) 816. , 32260, 3236, 32466, 3270, 3296, 3316,

 

