486 ⁸ ΙΙ. Index verborum.

iudex iuratus 2801. L.
iudicatum 2901.
iudicium 161, 1561. 111ο1 911, 941, 951.
iudicium canonicum 1261, 3551. legatio 121, 781, 1731, 1821, 2901.
iudicium ecclesiasticum 143b, 2471. legatum 71, 3361.
iudicium ignitum 21. legatus 131, 161, 211, 251, 421), 541, 971,
iudicium seculare lc. 981, 1021, 1061, 2041, 2151, 2311, 2431,
iugum 881, 901, 3251, 3271, 3281. 2451, 2551, 2621, 27 61, 2891, 3161, 3211,
iuramentum 731, 1691, 2451), 2771, 2801, 3071, 3741, 3751.
3171, 3241, 3291), 3501, 3521. legisperitus 1511.
iurisdictio 211, 481, 1241), 2141, 2381, 2781, 111111121, 921), 1261, 1361, 1561, 1651, 1901),
3671, 3961, 4031. 2361, 3471.
111331, 341, 381, 421, 4611. 1111113651.
111 apostolicum 2811, 2961. lex 1111111111 4011.
1111. Ρ1111 621, 651, 791, 841, 931, 1061, 1111111111111191.
1111, ursae, 1111, 1111,1411,1111,1111, libellus 1111.
1671, 17811, 1801, 1921, 20111, 2241, 11111 71, 331, 3411, 22411, 31111.
2381, 2521, 2821, 3121, 31811, 3401, libertus 51, 811, 91, 231, 251, 271, 301, 321,
4020· 111, 111, 111, 111, 111, 111, 111, 111,
111 canonice 3551. 1071, 1171, 1221, 1551, 1681, 1721, 1811,
111 commuue 2281. 1841, 1861, 1871, 1971, 2121, 2171, 2181,
111 decimationis 3211. 22811, 2291, 2361, 2521, 26311, 2641,
11111111111111113121. 2651, 2731, 2821, 3011, 30211, 3101,

11111111113001. 3261, 3291, 3321, 3341, 3471, 3641, 3651,
111 ecclesie 581, 721), 771, 851, 961, 9711), 3701, 3961)

1191, 1201, 1211, 1241, 1271, 2001, 2171,Ι 11511331, 1751, 3241, 3371.
2381, 2421, 2441, 2711, 2851, 3151, 3171, ligamen 3020
3321, 3331, 3611, 37111, 3871, 3911. ligio 081, 1961, 1971.
111 episcopale 501, 5411, 601, 611, 631, 1061, linea 10,
1441, 1601, 17311, 2031), 2460, 2471, 2611, lintheum 11
2621, 3101, 3471, 3601. litigium 131
111 fundatoris 3121. littere 121, 171, 251, 541, 691, 1191, 1341,
ius metropoliticum 781, 1821, 2901, 35913671. 1351, 1491, 1541, 16911), 1701, 1901, 2061,
111 naturale 3861. 2151, 2171, 2191, 2231, 2271, 2311, 2341,
iuspsrrcchislelc, 1381, 2161, 2501, 2941. 2385, 2421, 2441, 2461, 2561, 2571, 2581,
111 patronatus 2611, 3441. 2611, 2651, 2751, 2771, 2781, 2791, 2801,
1111110111112461. 2821, 2831, 28411, 3071, 3081), 3091, 3161,
111 potestatis 921. 3181, 3221, 3261, 3321, 3391, 3461, 3491,
ius primatus 2901. 3511, 3521, 3531, 36211, 3631, 3641, 3721,
ius proprietatis 4021. 37611, 37811, 38411, 3851, 3881, 3891,
111 proprium 261, 301, 1581. 3961, 3991, 4001, 4011, 4071.
111 1111111111 211, 241, 2681, 2741, 3091, locutio 1201, 2131, 3251, 3551.
3481, 3571, 35911. 11111111111981, 991, 1251, 1641.
111 3111111111 ecclesie 881, 891, 9111, 1051, 11111113551.
1951, 2551. lumen 2931.
111 sedis cpcstclicc cfr. 111 8. R. li. luminarium 2871.
111 spirituale 2081, 3601.
111 suum 1601. li.
ius territorii 21611.
iustitie 361, 451, 571, 581, 611, 6911, 711, mandatum 541, 15411, 1731, 2261, 23411,
721, 791, 8511, 951, 1001, 12711, 2631, 2381, 2421, 2431, 24411, 2451, 2551,
2821, 2831, 2851, 2871, 2891, 29211, 3061, 26111, 2621, 27 71, 2811, 2831, 2841, 32211,
3071, 3291, 3311, 3321, 3351, 3391, 3431, 3371, 3391, 3491, 3761, 3801, 3861, 3881,
3461, 3531, 3581, 3591, 3711, 3731, 37 61, 4021, 4041, 4051.
3811, 3851, 4031. mensio 921.
iustitis ecclesie 1901. munus publice 2811.
iustitis metricis ecclesie 2331. murce 1191, 1221.
iustitia parrochialis 1641. masis 2511.
iustitiurius 3031. 111111411, 2041, 3021.

 

