482

auditor 3851.

aureus 31, 941, 1071, 3471, 3551.

autenticum 681, 691, 1191, 1411,1441,1811,
21811, 2301, 2311, 2551, 26111, 2631,
2741, 2871, 2891, 2971, 3001, 3101, 31311,
3141, 3161, 3181, 3191, 3231, 3271, 3321, 4
3331, 33411, 3471, 3541, 3681, 3751, 4011.

Β.

1111111731, 1221, 2211.
baiulus 3031.

hasale 1421.

handum 1191.

11111181, 2741.

barbarus 841.

baptismale 1731, 2031, 3551.

11. Index verborum.

1111131, 111, 1771, 1981.

canones 1321, 1331, 2281, 2291, 2401, 2471,
3251.

canonica possessio 2841.

canonizare 2081.

cantor monachorum 21.

capa 11111 11.

capitulum 2451, 2771.

capitulum concilii 51.

capitulum tenero 1341.

caput monasteriorum lc.

carcer 2931.

carrina 71.

carruca 19611, 1971.

carrucum 1421.

carta 501, 1441, 3601.

cartula 1191, 1201, 3471, 3601.

baptismum, baptisma 881, 901, 921, 991, 1211, casa, casale 111, 331, 341, 501, 891, 1481,
1251, 1261, 1561,1581,1651,21611, 2171, t 1521, 1661, 1961, 1971, 3011.

2381, 2461, 3181, 35511.

baptisterium 3281.

beatus 171, 401.

benedictio, benedicere 11, 21, 31, 61, 101, 221,
251, 421, 551, 74,1061,1081, 1151, 1401,
1631, 1651, 1951, 2041, 2111, 2281, 2291,
arose, 1461, auru, assumseram, 1111,
3211, 3291, 3411, 3431, 3551, 3811, 3961.

benedictio fontis 2541.

heneficium 81, 611, 761, 771, 921, 991, 1641,
1651, 1721, 1771, 1811, 2031, 2251, 2271,

2391, 2451, 2791, 2891, 3181, 3341, 3551,

3591, 3711, 3951, 4051.

heneficium ciborum 991.

11111111111761,1771. ,

bizantius 251, 481, 1031, 1171, 1221, 1681,
1861, 1951, 2181, 2651.

1111111111 3151, 3551.

11111 3681.

1111111291, 2701.

brasis 3351.

breve 34711.
hulla (aurea) 1791, 2281, 3011.
burgum 201, 851, 951, 961, 1651, 3551.

byzantius cfr. bizantius.
0.

colosseum 2101.

caldaria 81, 121.

calix 11, 71.

caminetum 3011, 3021.

campana 711, 991, 1261, 1651, 1831, 2831,
2541, 2701, 2881, 3081, 3171, 3221, 3291,
3311, 3321, 3341, 3451, 3461, 3551, 4051.

canale 601.

11111111 1481, 1661, 1921.

1111111921, 2111, 2871, 3171, 3531.

1111111111 3021.

cannapinum 1511.

r casalinum 331, 341, 1511, 2241, 3111, 3601.
1 casamentum 24911, 3281.

casata 2631.

castaldio 481, 1241, 3991.

castaldo 1231.

castaldus 4001.

castanetum 3641.

castellarum 37 41.

casularis 1921.

cathalogus sanctorum 2061.

cathecuminos 3941.

causidicus 2751.

1111111111 3991.

1111124711.

censualis 3851.

censura 2471, 2921.

1111111731. ,

1111 91, 3311, 521, 671, 1521, 1571, 1711
1731, 2521, 2681, 3051, 3111, 3241, 3691,

cereus 991, 1131, 1261, 1651, 1751, 2541,

1111111111. crisma.

1111111651.

cimiliarcha 2871.

cimiterium 171, 381, 711, 1061, 1831, 1971ι
2111, 2521, 2871, 2941, 3141, 3341.

1111111881, 901, 1581, 2211, 2471.

claudicare 2451.

1111113261, 3641, 3691.

clausus 2681.

clusa 601, 1601, 3261.

collirium 41.

11111111111111111 1641.

collocatio clericorum 981.

1111111 1581.

colonus 421, 1981, 2051.

commandisia 2121.

1111111111 2191.

commissio 941.

 

