11. Index verborum.

Prandium 1971). promotio 1065.

pmii 330· promulgatio 3356.

prebenda 86, 2056, 2255, 2266, 2276, 2666, proprietas 1296, 2011), 3696.

proprietas b. Petri 2826.

proprietas Romana 268b.

protectio 126, 226, 246, 296, 306, 365, 3966,
405, 415, 431), 446, 486, 526, 535, 566,
5856, 596, 611), 626, 636, 656, 6765, 6956,
706, 7265, 796, 846, 861), 916, 926, 946, 956,
10061), 1026,1036,1046, 1056, 1076, 1096,

2791), 2826, 2845, 3616.
prebendarius 2795.
6166661616 485, 1226, 1246.
preceptio 35.
preceptum 51), 156, 176, 196, 541), 961), 1295,
roro, 1166, 1166, 1616, 1666, 6666, 6466,
2746, 2846, 4045.
predicatio 26, 76.
predium 435.
proeminentia 2951).
prciudicium 3075, 3096, 3191).
616166611161326, 2461), 2896.
prevaricator 795.
primas 13556, 2136, 2146, 2825, 8375.
6116161661826, 20256, 2116, 2386, 2496, 2906.
primicerius 1546, 3775, 3945, 3986
primitia lib, 3356, 3456, 426, 485, 885, 966,
1666, 1646, raab, 1661, 16161616664),
2245,2536,2626,31156, 32853466, 35365.
principalis 1661611345. 3486, 3546, 3586, 3596, 3616, 36465,
61161 claustralis 3785. 3695, 3725, 3746, 3906, 4016.
privilegiam 15, 26, 36, 56, 65, 756, 86, 96, 106, 616111661666166) 386.
1165, 125, 136, 145, 176, 185, 216, 225, pulmentarium 45.
2365, 246, 266, 2766, 286, 295, 335, 345, pulsum 2545.
355, 376, 396, 406, 416, 435, 446, 4665, 6616616116611885.
486, 501), 515, 526, 551), 566, 585, 506, 615, putea 336.
626, 676, 685, 695, 706, 716, 726, 745,
776, 796, 816, 846, 861), 886, 895, 916,
926, 946, 956, 1015, 1026, 1046, 1076,
1096, 11065, 1125, 1136, 11565, 1165, (6161162476.
1206, 1216, 12461276, 1296, 13061336, quarterium 2946.
13465, 1366, 1375, 13956, 14066, 1426, 6661966295.
1435, 14561466, 1495, 1516, 1525, 1576, 66610616612166.
1666,1661,1616166616661661),1616, quies 116, 666, 166, coo, 666, aab, aro,
1096, 17156, 1736, litio, 1786, 17966, 10165, 1076, 1245, 1411), 1426, 1555,
18066,1816,1826, 1836, 1856, 18756, 1561), 1585, 17366, 1975, 1996, 2151),
1666, racab, 1616, root, 166), colb, 6666, 6166, 6466, 6666.
20866, 2106, 2116, 21265, 2136, 2146, quindenarius 756.
2236, 22856, 2336, 2346, 23565, 23666, quondam 1416, 1746, 1756, 1905, 2036, 2966,
2395, 2496, 2505, 25266, 2536, 25452575, 2281), 2406, 2426, 2516, 2545, 2556, 2615,

11061111),11366,1156,1165,1206,1216,
1235, 1276, 1296, 13061316, 1336, 1366,
1375, 1395, 1426, 1456, 1466, 14761495,
15256,1576,1591), 1616,1625,1635, 1676,
1696,17166,1766,1786,1796,18066, 1836,
1841), 18561876, 19061915, 1926, 1945,
1965, 1995, 2095, 2046, 20866, 2106,
2126, 2236, 2336, 2346, 2445, 2496, 2505,
2635, 2645, 2665, 2716, 2865, 2876, 2885,
2935, 2966, 29865, 3056, 3066, 3086, 3115,
3236, 3246, 3255, 3271), 3305, 3316, 3326,
3336, 3356, 3406, 3426, 34361), 3446, 3456

2645, 2716, 2776, 27866, 2825, 2865, 2876,
6661), 6666, acob, 66661, assat, 6666,
3006, 3015, 30265, 3056, 3066, 3086, 3105,
3115, 31556, 3255, 3275, 3295, 3305, 3316,
3326, 3386, 3375, 3406, 3426, 34366, 3446,
3456, 34866, 3536, 3546, 3556, 3586, 3596,

36256, 3695, 3716, 37256, 3746, 37856,

3816, 3826, 3931), 3991), 4015, 4075, 4086.
processio 26, 285, 846, 921), 996, 1086, 1216,
1266, 1565, 1656, 1826, 2545, 2865, 28756,

aaut, 6666, ease, 6661), asco.

procuratio 3296.

6166616161 975.

professio 256, 795, 10665, 1245, 12751345, recordatio bona 846, 921),1756,3296.

1666111666161111 1635, 2746, 2876, 2905, 3006,

arro, 6661, 6666, saro, 6666, saco, 6616,
62·

1566, 1876, 2705, 2925, 3265, 3321), 3465,
3696.

soso, 6116, 6616, 6666, 6666, amassem,
666), 6616, 6166, arose, 6161, 6666,
6666, 6646, 6666, 6166, 6116664), 6666,

sam, 66664661.
R.

ragaugerium 2605.

. 1661661275.

· ratihabitio 388a.

1 16116 episcopi 85.

1 1666616111436.

recordatio beata 685, 695, 2896.

 

