440

61666616, 8. Μ161616 66 (S. Arrtbropio 6111666-
11661111 956.

61666616666 ops. 3596, 3616.

6166661616 2856, 3606.

Gruguotortnm, Grunotortum (5. Proteo 61171-
66616) 291, 3146.

6166161661 (5. Pieiro 61 17166666) 291, 3341.

6666611666 611. S. Petri (Petersberp) 246.

666116 (5. Pietro 61 (1116166666) 1486, 1936.

6661661666666 1661166666 (S. Piciro 611116-
6666) 3276.

666166, 6661. 66 (16666) 991, 1261, 1651.

666166, S. 11611616 (Benevento) 3066, 3866.

666166 Menosca, 8. Μ6116 66(Β6116661116) 1711.

6661116666, eps. Grosseteuus 3596.

66616, eps. vercellensis 3396.

6661161166, archieps. Ravennatis 1066.

666116166, 611. S. Bartholomei 66 6611166616
(Ρ666613961.

666116166, eps. Angustensis 401.

666666 (S. Pooeiuno 61 166666) 1636.

666166616116 611. war-distribuo.

6661666616, curtis 66 (S. 8161661 Ρ16661166)

&effatione eccl. 66 (1761161161 526, 676, 1521.
6661616 masia (Prono) 2516.

Guarinus, eps. Prenestinus 646, 1346, 1516,
66111161ῗ1ῗ161616116 (S. 6166666116 Laterano)

1511), 1661.

66616166116666166 (5. Dounion) 3771.

66616 (17166666) 3341.

66166 66 811666 (Lusca) 3991, 4006.

66166 66 Μ111666 1961.

66166 66 Summe, prbr. 6616. 8118. 2766.

66166, 611. S. 6611611 (Otiosi) 1246.

66166, 611. 66 66161616 8141.

66166, 611. 8116116 66861666076116116) 1161.

66166, 611. 8. 116116 66 16116 iosaphat (Jeru-
salem) 68b, 1966.

Gnido, 611. S. Prosperi Reginensis (S. Prospero
1111166616) 3186.

66166, 611. S. 861161 66 Placentia 2696.

66166, 611. S. Stephani (S. Stefnrco 111 6611666)
3806, 3916.

66166 archiprbr. (S. Donnirco) 3771.

66166, 61611611616666616 3771.

66166, 6166. cnrd. 88. 66661661 Dominni 451,
471, 496, 531, 541, 556566, 576, 596, 606,
626, 656, 661, 676, 686, 706, 716, 781, 2611.

66166, 6166. 6616. 8. Μ611616 Ρο11166 736, 766,
786, 796, 801, 811, 826, 851, 941, 991,
1666, 1666, 1646, 1616, 1166, 11461166,
1166, 1666616661666, 16661666, 1616,
1321, 1336, 1356, 1376, 1396, 1401, 1431,
14161466, 1666, 1616, 1666, 1616, 1666,
1596, 1601,1626,1636, 1646, 1656, 1671,
16861721, 1736, 1766, 1776,1811,1826,
1846, 1861.

1. Index nominum.

6616661666616. 81111. 3761, 686, 706.

66166, 61666616. 616666611. 81116. 826, 851,
6166, 666, 616, 666, 646, 666.

66166, eps. Hostiensis 976, 981.

66166, eps. Lucanus 39361, 39961.

66166, eps. Vulterrenus 2516.

66166, minister 6116116 Situ. 471, 536, 566,
576, 596, 656, 661, 706, 826.

66166, prbr. 6616. 8. 6611111(116616) 1931, 1956.

66166, prbr. 6616. 111. S. Grisogoni 436, 471,
666, 666, 646, 616, 146, 166166, 166, 616,
666, 6661666, 1166, 16161666, 1666
1666, 1646, 1666,1466,1466,1446, 1416,
1481,1506,1516, 1536, 15561566, 1576,
1596, 1601, 1636, 1646, 1656, 1666, 1686,
1166, 1166, 1166, 1166, 1666.

66166, prbr. 6616. 111. 8. Laurentii in Damaso,
61 Damasi 446, 451, 471, 496, 506, 571,
596626, 6466, 666, 676, 706, 716, 7 66811,
666616, 666, 1616.

66166, prbr. 6616. 8. 116116 transtiberim tit.
66111111 3816, 3946.

66166, prbr. 6616. tit. Pastoris 851, 951, 1031,
16461166, 11661166, 1666, 1666, 1666.
1321, 1376, 14061416, 1516, 1536, 1576,
1646, 1666, 1706, 1821, 1986.

66166, sacerdos S. Τ1666 (13616666) 2166.

66166, 1116611116 (Aream) 4016, 4026

66166, yconomus Cameldulcnsis 1546.

66166616 666166(8. Donnino) 3771.

661666166111 domus (Peracta) 371a.

66166616 Fruscbettum (S. Pieiro 111 7111666666)
148a‚192c.

66166616 podium (Possipnano) 1231.

66166616 porta (Pistoc'o) 2361.

' Guilielnrus 611. 6611161666, Wilbelmus.

6611161666, 611. S. Benedicti (4116111666) 936.

6611161666, 611. apud 11661616 Majorem 206.

6611161666, prbr. card. S. Petri 6611166616 1931,
1956, 2006, 2136, 2146, 2256, 2296, 2321,
6666, 6666, 6616, 6466, 6666, 6616, 6666

Guilelmus, comes Tolosauus 171.

Guilelmus, eps. Petregoricensis 1416.

6611161666, eps. Portucnsis 61 S. Rufino 2566.

6611161666, eps. Souctonensis 1416.

6611161666 661. (S. Donrtino) 3771.

6611161666 (Pc'ca) 3556.

6616661166) (S. Frentum 111 Iret-cca) 1566.

66161166, 66161166 (S. 1116111116 1111166666,
1616, 6616.

(1111116666, prepos. S. 866161611(Μ1’16116)1746.

661111661 burgum (Pisioin) 2361.

1161166616 (S. Benedctio Po) 1056.

6616166116 contitutus (S. Pictrc 6116166666) 3281.

66666161 8616616 (St-Arbor d’Arrpers) 201.

1166111666 66 Turri 1961.

66616161 111666 (S. Benedcito Po) 1066.

66616111 castrum (81.-Α611“116Ἀ169666) 201.

66116666 (S. Β66666116Ρ6) 1056.

 

