490 ll. Index verborum.

3333, 3133, 3313, 3433, 3133, 3331, 3333,
3645, 3653, 3673, 3725, 3743, 3785, 3793,
3843, 3913, 3935, 4023. sanior pars. cfr. pars sanior.

recordatio pia 2063, 2835, 2943, 3103, 3335, scandatum 2315.
3663. schola 2263, 2573.

recordatio sancta 35b, 515, 1523, 15551803, 33113133331313133743.
1823, 2033, 2203, 2343, 2363, 2985. scholaris 30b.

rector annualis 3175. scisma 365, 3985.

redditus 285, 913.

redditus panis 1195.

refectio 2875, 3435.

refectorium 1655.

reformatio 933.

reformatio religionis 1063.

refugium 1153, 1275, 2923, 2963.

regimen 1613.

regula Augustini 453, 555, 573, 863, 913,
1003, 12733, 1343, 1713,1845,1903,1945,
2235, 2505, 2513, 2885, 2923, 2935,
3065, 30833, 33135, 33233, 3445, 3453,
3703, 3723.

regula Benedicti 103, 153, 215, 223, 263, 353,
485, 515, 695, 795, 843, 885, 9031065,

3311113113 885, 905, 1225, 1583, 2213, 2473.
sanguinis 255.

scismaticus 2155, 2815, 3665.

scopulum 363.

scriniarius 1413.

scriptio 2803.

scriptor 2283,

scriptum 15, 133, 323, 383, 393, 403, 435,
443, 483, 523, 563, 585, 593, 605, 615,
623, 633, 655, 673, 685, 695, 723, 745,
755, 763, 783, 793, 813, 823, 835, 843,
853, 865, 883, 895, 913, 923, 943, 953,
973, 985, 1003, 1015, 1023, 1033, 1043,
1053, 1063, 1073, 1093, 1103, 1125, 1133,
11535, 1165, 1195, 1203, 1213, 1225,
1235, 1243, 1273, 1293, 1303, 1313,
1333, 1345, 13553, 13633, 1375, 1395,

1085, 1155, 1225, 12431445, 14831585,
16331713, 1785, 1875, 1955, 2015, 2123,
2185, 2205, 2563, 2705, 2965, 3055, 3255,
3275, 3295, 3415, 3465, 3583, 3645, 3695,
3813, 4043, 4073.

1433, 1113, 1133, 11313, 1433, 1413,
1493, 1515, 1525, 1533, 1543, 1553,
15733, 1585, 1595, 1603, 16135, 1625,
1635, 1673, 16953, 1705, 17153, 1735,
1745,1755,1763,17835, 1793, 1805, 1813,

regularis vita 915.

religio 2235.

reliquiae 18753, 18833.
remissio peccatorum 1893.
remotio presbiteri 713, 2105.

1823, 183353, 1845, 1853, 1863, 1873,
1893, 19035, 1915, 1923, 19435, 1965,
1985, 1995, 2015, 20253, 20335, 2065,
20753, 2083, 2103, 21233, 2153, 2163,
21753, 22233, 2233, 22635, 2273, 2283,
2293, 23033, 23135, 2325, 2333, 234353,
23753, 2385, 23935, 2405, 2413, 2425,
3431, 3143, 31133, 3131, 3133, 3133, 3331,
25233, 2533, 25535, 2575, 2585, 2593,
2603, 263353, 26453, 2665, 267353, 2693,
2713, 2725, 2733, 2745, 2753, 276353,

responsalis 2593, 40135. 1
reuerentia 83, 313, 343, 373, 403, 455, 505, f
535, 723, 843, 1033, 1215, 1403, 1463,
13333, 3133, 3311, 3311, 3333, 3133, 3331,
2575, 2583, 2693, 2865, 2893, 3003, 3343,
3573, 3713, 3733, 3863, 3943, 3973, 4045,

4103. 2773, 2795, 28033, 28135, 2823, 28353,

reverentissimus 193.

ripaticum 333, 1055, 1723, 2253, 3123.
rocca 3553.

rublus 2735.

rubum 3553.

runcinum 2323.

rusticus 1973, 2883.

28453, 28533, 2865, 28733, 2885, 2893,

3331, 3311, 3333, 3331, 33331, 33331,

29835, 29933, 30053, 3025, 3053, 3063,

3073, 3083, 3105, 3115, 3123, 31335,

3145, 3153, 31633, 31753, 3183, 3193,

32035, 3213, 3225, 32353, 3245, 32535,

3263, 32735, 3305, 3313, 3323, 33353,

3343, 3353, 33653, 23835, 3423, 3433,

S. 34433, 3453, 34733, 3483, 3493, 3505,
3513, 3525, 35333, 35453, 3573, 3583,
359353, 3613, 3625, 3645, 36853, 3695,
3725, 3743, 37533, 37653, 3783, 3793,
3803, 3825, 384353, 38553, 3863, 3873,
3885, 8893, 39033, 39153, 3923, 3935,
3945, 3965, 397353, 3983, 39953, 4013,
4025, 4033, 4045, 4083.

scriptura 1543, 1743, 3893.

scriptura publica 3773.

1 scrutinium 13, 21653.

sacramentum 135, 18735, 1885, 40153.
sacraria, sacrarium 33c‚ 2243, 3113.
sagithia 3025.

sel 85.

salarium 83, 245.

3313331331 1605, 3263.

salictum 335.

salma 2735.

sanctio 1253.

 

