484

defensio 110, 351, 681, 1800, 2740.
(10101001 221.

11. Index verborum.

1111110111 1101, 1000, csso, 1000.
electio sucerdotis 610.

(101110110 691, 2161, 2170, 2210, 2500, 3150. 0100000031), 4b, 600, 961, 1061, 1290, 1590,

i
671, 690, 730, 1410, 1470, 1520, 1781,
2011, 2610, 3090, 4000.

depopulatio 20.

depositio 160.

(1010110 2851.

dictamen 2280.

diffinitio 2290.

discedens 1341.

discedere 250.

discipline 1181.

dispositio 261), 2290, 3290.

(1101110110 1720.

districtum 480.

(11110 10,· 881, 901, 950, 1150, 1290, 1580,
1911, 2960.

diviuium officium 183b.

(1011011111 3010, 3020.

domicilium 2730.

domicultus 2121.

dominatio 50, 220.

(1011(1)11001111881, 891, 1581, 2700.

dominium 1201, 200, 380, 481, 1150, 1200,
1370, 1740, 1911, 2140, 2380, 2941, 2960
3480.

domnus rusticorum 1981.

domocultas 291.

domus imperialis 15401.

dos 2671.

ebdomadarius 611.

economus cir. iconomus.

edendu.173b.

edictum 1101, 2471.

0100110 abbatis 11, 31, 121, 140, 150, 211, 250,
260, 291, 351, 481, 511, 691, 741, 860, 881
900, 1061, 1081, 1121,1151,1221,1231
12401481, 1581, 1611, 16301780, 1810,

· 1930, 1951, 2151, 2181, 2201, 2461, 2560,
2701, 2961, 3291, 3411, 3461, 35801,
3811,4070

0100110 archipresbiteri 960, 1291, 1360.

0100110 canonici 311, 370, 430, 1030.

0100110 capellani 2540.

electio decumani 3221.

electio episcopi 551, 1360, 1941, 3941.

0100110 prepositi 12b, 281, 450, 910, 2870,
3080.

Ε.

0100110 presbiteri 710, 1831, 1861, 2101, 3130.

0100111 primicerii 1360.

0100110 prioris 570, 650, 980, 1181, 1210, 1260,
1270, 1341, 1560, 16401710, 1840, 1900,
2011, 2511, 2541, 2920, 3051, 3061, 3311,
3320, 3450, 3550, 3720.

demanium 011. domanium.
denarius 141, 251, 350, 510, 530, 541, 630
l

1920, 1970, 2521, 3210, 3470, 3560.

elemosinaria 3221.

0110111οο010 1490.

01011101101113061, 3311, 3440.

00100001001101110 150, 160, 211, 250, 281, 350,
421, 481, 510, 651, 881, 900, 911, 961,
1061, 1080, 1120, 1151, 1181, 1220, 1240,
1481, 1561, 1580, 1630,1720,1840, 1860,
1910, 2040, 2180, 24010, 2650.

episcopus diocesanos 1500, 180, 211, 220, 2501,
260, 271, 281, 291, 310, 350, 390, 421,
481, 511, 531, 571, 580, 610, 651, 671,
6910, 7101, 720, 851, 911, 930, 950, 961,
991,1001,1010, 1030, 1041, 10601, 1080,
1101, 1121, 1141, 12101, 1221, 1230, 1260,
1270, 1310, 1320, 1330, 1341, 1390, 1460,
1101, 1001, 1100, 11001,1001,1011,1000,’
1640, 1711, 1720, 1731, 1771, 1791, 1810,
18310, 1840, 18601, 1890, 1900, 1910,
19301, 1951, 1990, 2040, 2091, 2101, 2120,
2130, 21810, 2201, 2231, 2250, 2281,
2290, 2331, 2350, 2391, 2411, 2461, 2511,
2530, 2540, 2560, 2630, 26501, 2701,
27800, 2790, 2861, 29210, 2951, 3051,
3061, 3081, 3230, 3291, 3311, 3320,
3340, 3410, 3431, 3450, 3461, 3531, 3710,
3720, 3730, 3811, 3891, 4010.

00101010 130, 170.

0011011030οο, 3570, 3601, 3761.

equus elbus 780, 840, 1820, 2901.

eremitarium 1420.

0011110101 3370.

0111001081.

erectio 220, 421, 2101, 2890.

excambium 2940.

excommunicatio, excommunicare lb, 31, 10010,
1500, 191, 210, 220, 2300, 281, 3510, 380,
510, 571, 691, 711, 850, 911, 961, 10601,
1080, 1120, 1151, 1181, 1241, 12601,
1271, 1290, 1341, 1561, 1611, 16400,
1651, 1831, 18601, 18810, 1890, 1901,
1910, 1971, 1991, 2091, 2101, 2331, 2441,
2451, 24701, 2650, 2701, 2771, 27800,
2810, 2820, 2880, 2890, 2921, 2961, 2990,
3061, 3080, 3150, 32901, 3311, 33210, 3350,
3380, 3411, 3431, 3450, 3461, 3471, 3491,
3531, 3540, 3610, 3621, 3801, 3811, 3821,
3891, 3900, 3941, 3981, soca.

exemptio 2280.

exequie 70.

expeditio 2930.

F.

fabrica 2611, 3830.
1010010110 2101.

 

