Il. Index verborum.

secretum 215u.

sedimen 816, 826.

sanutus Romanus lb.

sententia canonica 1286.

sententia matricis ecclesie 1646.

666611616 46, 1761, 216, 236, 281, 351, 516,
571, 616, 691, 711, 856, 911, 961, 981, 1066,
1126, 1151, 1256, 1261, 1271, 12961476,
1561, 101616466,1651,1671,1771, 1831,
1896, 1901, 19161976, 1991), 2091), 2111),
2136, 21616, 2201, 2331, 2471), 2521, 2571),
2626, 2701), 2826, 2836, 2856, 2896, 2921),
2961), 3061), 3086, 3166, 3191), 3291), 3311),
3326, 33016, 3416, 3431), 3456, 3461),
34716, 3556, 3581), 3016, 3716, 3771, 3811,
3986, 4076.

6666662881.

servilianum, 1441).

66111166 Romana 86.

sextarius 3211).

sigillum 21, 2381), 2686, 2806, 3016, 3381),
3756.

sigiiua 2576.

6166116606, 1596.

signum 911), 2471), 3086.

611661166 771.

siligo 3846.

silua 331), 341.

simonia lb, 106, 156, 2286.

sinaxis 281), 3086.

sinodale 1736, 3731, 3831, 39466.

sinodus 156, 281, 291, 356, 421, 516, 541,
881, 901, 911, 1076, 1086, 1241, 1586,
2046, 2476, 2626, 2656, 3086.

solitudo uacua 36.

solidus 56, 136, 216, 236, 271, 336, 396,
421, 586, 666, 721, 1756, 2046, 2246,
2871, 2986, 3116, 3126, 3286, 3551, 3601,
3641.

sollempnitas 2216.

6616921.

666616116, specialiter 226, 246, 406, 486, 796, 831,
846, 886, 891, 1056, 1076, 1156, 1101, 1286,
13361346, 1361,1551,1581, 1806, 1851,
1806, 1951, 1901, 2016, 2066, 2186, 2246,
2381, 2426, 2556, 2581, 26416, 2731,
2741, 2791, 2826, 2846, 2851, 3096, 3126,
3406, 3411, 3436, 3576, 35961, 3736,
3746, 38166, 3821, 3986, 4016, 4026,
4056.

666166661626.

66166166 26.

spiritualia 716, 926.

stadium 1101, 2356.

616116 216, 881, 901, 996, 1086,1216,1266,
1586, 1656, 2946.

61616166 881, 901, 3521.

stillarium 3346.

6111662286.

stipendium 3101.

, 611616 2881, 3276, 3286.

subiectio 1186, 2286, 2461.
subscriptio 1541, 3186.
6616116666 3931.
suburbium 291, 2066.
suffraganeus 2126.
suspectus 2286.

suspensio 1081, 2281, 2786, 2866, 3296, 3356,
· 4046

suspensio officiorum 1066.
synaxis 611. 6166116, sinodus.
synodus 611. sinodus.

Τ.

161116 186, 3296.

1616666 2476.

teloneum l2a, 1726, 2971.

166611 miles 2721.

temporalia 716, 926.

1661666166 1191, 2426, 2466, 24766, 2631,
2956, 3011, 3026, 30361, 3101.

166616 3486.

166616 3996.

terminus 2716.

terrifinium 2626.

1611166 3471.

testamentum 76, 261, 1611, 1646, 1771, 2166,
2176, 2746, 2836, 2856, 3001, 3176, 3601,
3726

166116661662401, 3656, 3761, 3846.

166116 136, 776, 9716, 1696, 1736, 1751, 1866,
2151, 2166, 2281, 2296, 2381, 24016,
2596, 2646, 2686, 2806, 3071, 3126, 3241,
3381, 3476, 3521, 3846, 3851, 3911, 40016.

theloneum cir. teloneum.

thesaurus 81, 1876, 3076.

. 1166 216.

tintinnabulum 881, 901, 1586, 1861, 2656,
3246, 3771.

1116166 316, 2306.

1666616116 3146.

1166166 1726.

11601116 2316.

transactio 1766, 2226.

transitus navium 1051.

translatio 1616.

tricenalis possessio 2646.

tricenarium 1866.

161116 136, 346, 421, 526, 706, 1206, 2016,
2056, 3441, 4086.

16616166 3606.

166616116, 16661616 2176, 3166.

16661166 271.

1666 256.

166166 2216, 2476.

1661666161166116 1341.

 

