ll. Index verborum. . ·

massacellam, 4261, 2045.

massaricie 295.

6666666611666 3881.

mustinurius 2881.

matutina 76.

matutinum officium 611.

maxilla 2455.

medietas nominis 2516.

melioratio 936.

6666661681.

memoria (deest) 1221, 1256.

6666616 apostolice 226.

memorlebeuts 1346, 1556, 2286, 3946.

6666616 1666 11, 126, 206, 226, 391, 536,
586, 666, 676, 691, 721, 751, 776, 796, 816,
846, 926, 9761, 986, 1066, 1091, 1121,
1151, 1216, 1276, 1666,1416,1466,15261,
1556, 1611, 17361, 17416, 1756, 1766,
1796, 1805, 1816, 1901, 1961), 2086, 2116,
2126, 2136, 2166, 2226, 2246, 2336, 2666,
2401, 2426, 2445, 2516, 2541), 2556, 2611),
2631), 2676, 2686, 2706, 2735, 2746, 2766,
2886, 2906, 2926, 2965, 2986, 3006, 3076,
3106, 3156, 3216, 3226, 6246, 3256, 6321),
3476, 3511), 3756, 3781), 3841, 3851), 6886.

memorio 61666 3826.

66666161666616 2151).

memorio felix 461), 496, 556, 581), 681), 696,
706, 7516, 7766, 826, 886, 891), 916, 966,
956, 981), 1026, 1056, 1076, 1106, 1121),
1151, 1186, 12411256, 1296, 1316, 1351),
1366, 1371, 1395, 14656, 1456, 1516,
15756, 1585, 1595, 1646, 1665, 1695,
1726, 1756, 1766, 1816, 1826, 18366, 1856,
1916, 2046, 2066, 2076, 2106, 2346, 2571),
2586, 2616, 2641), 2716, 2745, 2896, 2906,
2965, 3001), 3086, 32556, 6356, 3406, 3546,
3686, 3816.

memorie illuster 655, 1861.

6666616 nobilis 635, 1146.

memorio piu 96, 2931, 3946.

memorio recolendo 2526, 3556.

‘memorie sanctu 286, 1206,1621,1731,1901.

memorio venerabilis 465.

memorie 6666666116 846.

mensu 1731.

mereatum 1466.

messio 321u.

6666161671.

metropolis 3006, 35961).

metropolitanus 26, 346, 1825, 2905, 3295.

missu 26, 76, 215, 481, 615, 666, 865, 885,
905, 996, 1065, 1086, 1216, 122b,124b,
1266, 1326, 13456, 1586,1616,1656, 1881),
2166, 2175, 2376, 2475, 2936, 6156, 3166,
3475, 3556, 66065, 6731, 3865 3915, 3921),
3936, 3946, 3965.

misse episcopalis 6551.

misse 66166 2376.

missu publice 2285, 2296.

missu specialis 2165, 2436.

missu 661166 27 71.

61166 881), 901, 1221, 1586, 22161), 2476,
2655, 3735, 3835, 3925, 6965.

modius 3156, 3376.

molendillum 2246.

molendinellum 3126.

molendinum 66, 86, 295, 366, 506, 856, 1416,
1426,1446,1486, 1496, 1516, 1566, 1661,
1726, 1961, 1976, 2045, 2246, 2336, 2526,
2596, 2631, 2735, 2886, 3016, 3126, 3156,
6275, 3286, 6346, 3606, 4096.

molendinum regium 2185.

molendinus 3341.

6666616166 1865.

monasticus ordo 1616.

66661686, 216, 2011.

6661666166 506.

montecellum 295, 1486.

mors 585.

mortuarium 22456, 6111.

mortuus 76, 361), 346, 386, 2746, 2871), 3116.

mundiburdos 2986.

ll.

6666666116) 786, 1826, 2905.

negotium 1726.

negotium maius 1266.

6611116 1726.

novule 1026, 1146, 1326, 1711), 1726, 1775,
1975, 2105, 2176, 2335, 2705, 2775, 2785,

2886, 2925, 3236, 6286, 3615, 3321, 6446,
3466, 3536, 3625, 3896.

666666666666166666 2576.

nummus 965, 1296, 1325.

6666666616 731), 1686, 2066, 2271), 2406,
2456, 3226, 3856, 3996.

nutrimentum 8666, 2606, 2886.

0.

6161166116 36, 741), 966, 996, 1266, 1645,
1355, 1656, 17665, 2025, 2281, 2296,
2615, 2345, 2396, 24061, 24256, 2696, 2866,
2851), 3036, 3105, 3165, 6576, 6661, 3646,
6706, 3716, 3805, 3976, -.4041

6116116 111, 601), 3316, 346, 386, 456, 481,
541, 691, 921, 1345, 1665, 1616, 1731,
21616, 2386, 2466, 261626266, 2861, 3116,
3531, 6606.

6116116 defunctorum 2466.

6116166 2626.

obligatio 3181, 3386.

obsequium 2546, 2986.

observantia lllb.

6116166116166636,76,1451,1691,2136,

l 6661, nese, 6661, 6661, neec, 3666, mea,

 

