11. Index verborum( '

101000100840.

familia 2400, 3220, 3240, 3250.

familiares 2010, 3550.

famulus 420.

farus 303c.

feodum efr. feudum.

laudale 1430.

100000 280, 530, 670, 910, 11900, 1430,1520,
1730, 24900, 3010, 3030, 3090, 3390, 3600,
3300, 3930.

00011100 2120, 2280, 2290.

110000 30.

fodrum 420, 760, 700, 1730, 2050, 2120,
3700.

10000 00010010 30.

1000102400.

fratricida 40.

fugitivus 1620.

1000110 260.

funeris benefitium 980.

1000012δο

furnus 1960, 1970, 3020.

turtum 1290, 3700.

ll.

galea 3020.

glandaticum 1050, 1340, 3150.

gradicum 8b.

grammatica 2280.

grauaiolus 2880.

granarium 151h.

grangia 1620, 2600, 3250, 3260, 3640, 36900.

gratia 10, 50, 220, 250, 270, 280, 290, 350,
480, 510, 650, 660, 730, 880, 900, 910,
960, 1080, 1220, 1290, 132a‚l48h‚ 1530,
1540, 1560, 1580, 1720, 1810, 1840, 1860,
1870, 1880, 1910, 1930, 2180, 2210, 22700,
2300, 2390, 2420, 2460, 25800, 26500,
2830, 2890, 3050, 3030, 3150, 3170, 3410,
3430, 3810, 38600, 3920, 3950, 3960.

guarda 1040.

guerra 770, 790, 1810, 2890.

Η.

habitum monachicum 1610.
0001100 religionis 810, 2660.
00000010 cfr. heresis.

herbaticum 1340.

hereditarium 190.

hereditas 50, 60.

heremodious 4010.

heremum 11800.

heresis 10, 100, 150, 2320, 31700.
0000010, 20, 40, 2940, 2820, 2850.
000100 420, 3020.

hortus dominicus 2630.

hospes 280, 910, 1730, 3080.

r. atinga-fluctum Aetam.

485

hospitale 390, 4000, 580, 640, 660, 720, 1050,
1060, 1100, 1120, 1310, 1390, 1420, 1490,
1550, 1560, 1570, 16501660, 1740, 1900,
2000, 2010, 20300, 2090, 2340, 2350, 2440,
2510, 2840, 2870, 2880, 3280, 3320, 3330,
3400, 3480, 3550, 3560.

hospitare 1560.

hospitium 1300, 2220, 3270.

Ι.

10000 1060, 2880, 3170.
10001000 3020.

icouonius 1540, 2800, 3500.

1010100 2280.

1000000 140, 1950, 2540, 2560, 2640, 2650,
2790, 3180, 3940, 3980.

1010010020, 30, 40.

illustris 010 790.

immunis 2780.

immunitas 2170, 3010, 3020, 3290, 3320,
3340.

incensum 1760, 2540.

indempnitas 1840.

indominicatus 60, 80.

indulgentia 70, 18800, 3440, 3530, 36200,

’“ serasera, 00004100.

indultum 3650.

infeudare 2990, 3250.

infeudatio 2130, 2810, 3180, 3370, 33800,
3530.

1011001100 1270.

infirmus 70, 2120, 2160, 2170, 3110, 3550.

inobedientia 2420.

inscriptio 3350.

instrumentum 250, 15400, 17500,1760,2320,
2450, 2670, 2730, 2800, 2860, 2970, 2980,
3070,3100,3120, 3220, 32400, 3270, 3470,
3520, 3660, 3760, 3770, 3880, 3940, 3990.

instrumentum publicum 1190, 2550.

interdictum, interdictio, interdicere 30, 50, 150,
190, 210, 220, 230, 280, 350, 380, 510,
7100, 850, 910, 960, 980, 10600, 1080,
1120, 1150,1180,1260, 1290, 1340, 1560,
1610, 16400, 1650, 1690, 1830, 18600,
1900, 1910, 1970, 1990, 2090, 2100, 2170,
2330, 2440, 24700, 2620, 2650, 2700,
2740, 2770, 2830, 2840, 2880, 2890, 2920,
2960, 3000, 3060, 3080, 3180, 62900,
3310, 33200, 3340, 3350, 3410, 34303440,
3450, 3460, 3610, 3810, 3900, 3940, 4040.

interpretatio 3530.

1010010100 80.

1010010οἰ001 1900.

investitura, investire 690, 1690, 1730, 2130,
2270, 3200, 3380.

1100880, 1730.

1100 marinum 1830.

1000003230.

 

