496 ΙΙΙ. 6766)- 6661Ν616611666661666666.

S. Eleatem, Kirclte (Prov. Roma) 2116.
Elimpert Π, 131166. v. 6166666 1366.
Eliseus, 1311666. Mantua 1136.

Emilia, Provinz 2666, 2836, 3836, 3916.
Emz'lz'a, Reggio nell' 3186 ,356, 3526.
13166616, S 1666666111, 3976.

Crescentius, 1313666. 7666666 2516.
66666611616611). 61666116) 3516, 3656.

Crista Monte, Kloster (D. Genava) 2376.
816.-6666’66161366666166, Kloster (D. Aire) 256.
516-6111166166611 136.

Croy, 1166666116 v, 1311666. 17616656.

Cutt' (D. Dari) 2426. ( El ng land 2196, 2276.

S. Erasmo, Κ’611111(6 666161) 3676
D. S. 86161616, Kloster (D. Reggwb Calabro.)
⁴ 3916.
17616666 (D. 6111666) 2666, 3616. S. Eustorgto dc 61616116, 1111666 1716.
17663616, 116166, 26616666 v. 666616 2986. Exeter, D. 2296.
Datt'rmtg 366, 166, 116, 116, 156, 176, 516, 1 66666111,1966616616-1196,1356,1856,2716,
516, 556, 586, 596, 616, 6266666861, 766, 2866, 3666, 4626.
736, 7566, 766, 776, 786, 8666, 836,
QQQQQQQQQ 6
996, 1626, 1616, 1686, 1116, 1126, 1136,
1146, 1176, 1266, 1216, 1216,1256,1266, Falerone, 1116116616.1ῗ661616)1626.
wwmfflmfflmmfflfflQOmmmfflffi

meQmmwmm mmmmwmwffim
mwammmm,

mmmmmmwm

mmmmmwm
6111611116, 11611, 6661, 1116, 6161,
mmfflfflwmwm
mmmmwwmm

2896, 2666, 2936, 3616, 36666, 3696, 3236,

mmmmmmmm
786, 8666, 836, 816, 856, 866, 876, 896,
Qmmwmmfflw
1616, 1626, 1646, 1686, 1116,1126, 1136,
mmmmmffifflwQ
12866, 1366,1316,1326,1336,1376, 1396,
1166,1126, 1456,11Γ61176,1186 ,1566,

1536,1576,1’186, 1666, 1666,1676, 1686,
17666, 1726,1746,1766,178”6, 17961366,

3296, 3316, 3166, 3116, 3156, 3466, 3566,

πωΜΜΜΗΜΜΜ1

3826, 3956. 1326, 1816, 1856, 1926, 1936, 19862) )16,. 9636,
1766161, 1166661666.11116611122566, 22666, 2976, 2686, 2696, 21166, 2136, 21566,

6661, 661, 1661, 61166661, 61311, 6661, 6311,
17661666, 131666. v. C 166 di 66616116 626. 3336, 2316, 2356, 23761, 3386, 2106131111,
661666,661336666 246, 356, 526, 626, 666, 2156, 2516, 25366, 2516, 2556, 2566257116,

1316, 1526, 1916, 2616, 3686. 2596, 26666,2616,2626,2636,261626666,
Deols, 0612116 26766, 26866, 2726, 2716, 27566, 2786,
1116663116, 6631, 6611, 66111, 6666, 6661,
2916, 2936, 2956, 2986, 29966, 3066, 3616.
3666, 3676, 3696, 31266, 31166, 3176,
318666, 3196, 3266, 3216, 32266, 3236,
32166 3276, 3296, 3316, 3376, 3386,
3396, 31666, 31116, 3116, 3456, 3166, 3176,
3196, 3’16,6 3)5166, 31266, 3536 31166,
35666, 35766, 3186, 3616, 366666, 3686,
3766, 3726, 37366, 3716, 37566, 3776,
3786, 3796, 33666, 38266, 38366 .“38; 166,
mfflmfflmwmm
3661111166 Borgo (1).)966111612716, 2996, 3636, 39566, 39666, 39766, 3986,1636,

.mmmffla 4fflmmffl.

S. 1766666616, Ort (Prov. di Massa 6 6666666) 6666666616, Kloster (England) 2296.

3776. 66666111166. und Ort 976, 98616666, 1616,
Dorsalaufsclzrist 1866, 2156. 1626, 1636, 1656, 1696, 22166, 2256, 22766,
Dosse vergl. Docci0. 3826.

Droga, 131666. v. Minden 2986. Ferme, D. 1626. ,
Dumios, Kloster (D. Draga) 2826. Ferrara, D. 6. Ort 1656, 1556, 1566, 2516, ⁴
25566, 2566, 29866, 3116, 3156, 3176, 3186,
Ε. 34666.
Fiesole, D. 38666.
Finem, S. Maria ad (D. Pisa) 1166.

17666611). 1161163166

Dic, D. 256.

Dietmarszell 2666.

Dt'llingen, 1666111116 1116166666466.
Dinte, weclzselnde 2236, 3116.

S . Dt'onz'gio 6661616111, Κ16616ν 2126.
Dionysius, Bisch. v. Ρ1’6661166926,2766.
Doccio (a) (in Piemont) 3396, 3166.
116616, 136166. v. 1116616616 1666.

S. Donato di 66666, 1116666 1666.

S. Donato 611516662316.

Eberhard, 13166611. 3616666836.

 

