488

3246, 3296, 3316, 3326, 3456, 3466, 3476,
3556, 3616, 37766.

6166166 ecclesiasticum 3556.

officinm 6161166166 1656.

61116166 pontificale 2026.

61666 16, 56, 526, 676, 1526, 1996, 2876.

61666 sanctum 76, 216, 296, 356, 426, 486,
616, 666, 666, 666, 6166, 666, 1666, 1666,
1166, 1116, 1116, 1166, 1166, 16666,
1586, 1716, 18061846, 1916, 1936, 2046,
2186, 3206, 2466, 2656, 2966, 3056, 3086,
3326, 3416, 3436, 3476, 3816.

611161486, 1516, 1966, 3556.

olivetum 1976, 2246, 2976, 3056, 3216, 3246.

61666166 46.

61611676.

6161611616 1066, 2476, 2536, 2656, 2896,
3226, 3296, 3566, 3716, 3726, 4016.

ordinarius 103a.

ordinatio 166, 146, 1566166, 226, 256, 286,
296, 356, 426, 486, 516, 536, 656, 676,
716, 766, 886, 9066, 916, 926, 966, 1066,
1666, 11661116, 1116, 1166, 1646, 1666,
1166, 1666, 1666, 1616,1666,1116,1116,
1666, 1616, 1616, 1666,1616,1166,1166,
2356, 2366, 2466, 2476, 2546, 2556, 2656,
29666, 3056, 3086, 3126, 3166, 3296,
3326, 3366, 3436, 3486, 3556, 3416, 3816,
39866, 4016.

ordinatio apostolica 2296.

61116 monasticus 2126.

61116 sacer 106.

6166666166 ministerii 1346.

ortale 2636.

61166 611. hortum.

P.

pactio 3206.

66161166 sacrum 1516.

palleum, tollium 636, 646, 766, 8366, 1356,
1826, 2906, 3016, 3376, 3676, 3946.

palmarum dies 26.

66166 336, 346, 426, 1496, 2246.

paramentum 33bc‚ 3466, 22466, 31166.

paranimphus 66.

661616 86.

6611611666 1516, 1666.

6616 66161 3816.

6616 666161 216, 226, 286, 296, 356, 386, 436,
456, 486, 516, 536, 576, 656, 676, 696,
766, 866, 886, 906, 916, 1036, 1086, 1156,
1116, 1116, 1166,1116,1116,1466, 1616,
1586, 1636, 1816, 184619061936, 2116,
1166, 116616161166, 1616, 1616, 1666,
3056, 8066, 3086, 3146, 3296, 3316, 3326,
3376, 3416, 3456, 3466, 3556, 3586.

661116166116 funerum 1646.

661116 236.

ΙΙ. Index verborum.

patricidium 36.

patrimonium 196.

patrocinium 226, 236, 276, 296, 376, 416,
556, 626, 656, 776, 1056, 142a‚145c‚ 1466,
1556, 1576, 1846, 1866, 1946, 2016, 2106,
2176, 2226, 2306, 2316, 2396, 2456, 2536,
2556, 2586, 2596, 2606, 2616, 2636,
267666, 27466, 27566, 2766, 2806, 2836,
28466, 2936, 29766, 2986, 3006, 3126,
3136, 3146, 3186, 3206, 3216, 3226, 39366,
3336, 3366, 3406, 3506, 35166, 3546, 3616,
36866, 3766, 3796, 3806, 3816, 38461,
3876, 3886, 3906, 3916, 3326, 3976, 1616,
4026, 4066.

6611666166 3446.

66116666 2936, 3366.

pauper 336, 366, 406, 476. -

pax 36, 106, 636, 796, 816, 2156, 2826, 3546,
3646, 3656, 3696, 3826, 3876.

666661616116166116 61 16616116 76.

pedagium 2446, 2456.

6661166116 266, 36, 46, 76, 106, 336, 566, 716,
1216, 1646, 2476, 2626, 2656, 2926, 3116,
3186, 3196, 3716, 4036, 4106.

penitentia 6661166 986, 2166, 2176, 3946.

666616 336, 2516, 2616.

peregrinatio 76.

peregrinus 406.

pergamenum 2286.

6611166 1586, 3256.

666 6116116 1736.

petia 2636, 3286, 3746.

6166616116 2136.

pignus 2746.

piscaria 386, 4266, 1726, 1876, 20466, 2096,
3286, 3556, 3606, 3756.

placatio 96, 1056, 1506, 1566, 2106, 2606,
30266, 3346.

616616 36.

61661166 4866, 12266, 1246.

planities 2186.

platea 2946.

61666666 1156.

6166111616 3936, 3946, 4016.

61666 296, 316, 3366, 346, 366, 4266, 4666,
476, 486, 526, 676, 616.

6611166, 1236, 3996.

66661166116 611. 6661166116.

66116166 3756.

ponticellum 426.

portaticum 1726.

porticellum 2046.

661116 canonica 2926.

6611616666 3026.

661166436, 3026.

661166 1166666 2946.

66166166 86, 226, 286, 306, 326, 356, 421), 481),
516, 1206, 2386, 2466, 2876, 2956.

66166166 iuditiario 308c.

 

