468 I. Index nominum.

1100011119, archieps. Reginus 3840. 18600, 18900, 19000, 1920, 193b‚195abc‚
110001100010010101.0011110950,1290. 20000, 20100, 2030, 20600, 2070, 2080,
1101101109, eps. 11011011οη09 530, 670, 1520, 2090, 2100, 21300, 214000, 21800, 2190,
0010. 0000, 0010, 0000, 0030, 0030, 00000,
Rogerius, eps. wigorniensis 2290. 22900, 2320, 2330, 2350, 2360, 2370,
Roggerius (10 1100110 (S. Giaromo di caserta) 2390, 2410, 2470, 24800, 2490, 2500, 2510,
2630. 2520, 2530, 25500, 2560, 2580, 2590,
1100001109,0100111101.0011190(Οοί10)1910. 26200, 26400, 2650, 2080, 2700, 2710,
110001100010100000) 4040. 2720, 27300, 2740, 2760, 2820, 2870, 2880,
11010001 campus (S. Bartolomeo di Paria) 28900, 29000, 2920, 2930, 2950, 2960,
1700. 30400, 3050, 3060, 3070, 3090, 3100, 3110,
11010001 domus (S. Dormino) 3770. 3120, 3150, 3220, 3260, 3290, 3300, 3310,
11010001 silva (Formo) 1020. 3330, 3340, 3410, 3420, 3430, 3480, 3510,
110Ιο0009, abb. 111 monte Maiori 110. 3570, 3580, 3590, 36100, 3650, 36700, 3680,
1101000οε, 000. S. 8011010119 de monte 11101010 3390, 3700, 3720, 373000, 3740, 3780,
3190, 33000, 3910, 3990, 0900, 0910,
3950, 0900, 3990, 40100, 4010, 199000,
4080, 4090.
1101011009, 0100. 010011101 (S. Donm'no) 37 70. 11001000 00110 3990.
1101011009, 01000010. S. 1110110 10 Porticu (Roma) Romana sedes la, 200, 30, 120, 140, 240, 280,
0000, 3090, 3300, 3010, 0110, 0100, 3100. 1 910, 0090.
1191000090000101(Ρ131910) 2360. 1100000110, 0001. 01 villa (Βο900000) 80.
1101011009 00 101000 (Lucra) 4000. S. Romani capella (S. Ρο0010110 di Lucra) 1630.
1101011009100110001109 2880. · S. Romani 0001. (S. Pietro di 7010010900)
110Ιο0009, prep. S. 00101000 01101100οε19 3110. 148001930.
1101000οε, prop. S. Donati (Arerso) 1360. 1100001011οε 2735, 2770.
110Ιο0009, prbr. 0010. 111. S. Marci 01 cancell. 11001000101010100101011600, 1750, 1800, 2810.
1020, 1030, 1040, 1070, 1080, 1170, 1190, 1 11οο00001 (8. 1110111910 1111110000) 2120.
1210, 12300, 1250,1260,1280,1300, 1310, 1101001109, 0100. 0010. SM.. 3790.
1320, 1330, 1350, 1370, 1390, 14001410, Romanus, 0100. card. S. 1110110 10 Ρο11110 280.
1430, 1450, 1460, 1470, 1480, 1500, 1520, 1100011000011101110, 30, 40, 500, 150, 160, 190,
15301550, 1570, 15801590, 1600, 1620, 2100, 2200, 350, 460, 480, 490, 5100, 720,
103010401οῡ0, 1310,1090,1100,1110, 100, 110, 940, 000, 0900, 990, 900, 900,

(Chius) 4030.
110Ιο0009 00 00001000, 0011. Lucensis 3190.
1101000000011011. Brixiensis 3680.

1720, 1730,1760,1770, 17801790, 1810,
18201840, 185018601900, 1920, 1930,

19500, 2000, 2010.
1101011009, prior S. Donati (110000) 1900.

11010001οη9, vir nobilis (010000) 4010, 4020,

4040, 4050.
1101100009 cfr. 1101011009.

0010010000 11110(110900090) 80.

9600, 10501060, 108001120, 1150, 1220,
12400, 12500, 129000, 13400, 13601430,
1510, 1520, 15501570, 1580, 1133001640,
1660, 17500, 1760, 1800,1810,1820-1850,
191000, 1900, 20400, 2070, 2180, 2200,
2280, 2340, 2360, 2380, 2420, 2450, 2460,
2520, 26400, 28900, 29000, 2920, 2930,
2960003000, 3250, 3270, 3290, 3400, 3410,

Roma 10, 30, 40, 590, 60, 70, 80, 100, 130, 3430, 3480, 3500, 3540, 3640, 3650, 3720,
140, 150, 100, 180, 200, 210, 220, 230, 3790, 38100, 3850, 3930, 3940.
2500, 260, 270, 340, 3500, 360, 380, 410, Romanus, prbr. 0010. 111. 8.1100910910(Ι10100)
430, 440, 450, 4700, 490, 5000, 520, 3810.
530, 540, 5500, 570, 590, 600, 620, 640, Romanus senatus lb.
650, 660, 68000, 7000, 710, 730, 740, 760, Romanus testis 3470.
770, 780, 7900, 800, 810, 820, 8400, 850, S. Romanus de Tartaro (F errara) 3480.
8700, 8800, 8900, 900, 910, 930, 940, 9500, 1100001009 011. Ηο0001009.
960,990,1000,1020,1030,1040,10700,1080, 1101001, 8. Ρο1110001. (Ρ101910)2530.
1090, 1110, 1120, 1130, 1140, 1150, 1160, 1100100001οο. (S. 000010013770.
1170, 119000, 1200, 1210, 12200, 12300, 1100001009, archieps. 8010100009 2580, 4020.
1250, 1260, 1280, 1290, 1300, 1310, 1320, 8. Romuli 00911001 (8. Stefano di Genova) 7100.
1330, 1350, 1370, 1390, 1400, 1410, 1430, 8. 11000109 00 0001010 (Passiynano) 123b.
1440, 14500, 1460, 1470, 1480, 1505, 11οο00110 (S. Antonino di Piacema) 9200.
1520, 153000, 15500, 1570, 1580, 1590, 11000001011001 (1700001111 1760.
1600, 16200, 1630, 1640,1650,1670,1680, 11οο00010 8100010 (70000111) 3420.
1700, 17101720, 1730, 1760, 1770, 17800, 1100110, S. Cassianus 00 (S. Stefana (1111010000)
1790, 1800, 1810, 1820, 18400, 18500, 1310.

 

