111. Wart- 661 Ν666666666616166166.

Τ..

l 1666616166, D. 2496.

:¹ 1666666 (1116666) 2406, 2476.

ἶ Turn, Fluss 2046.

16661666666111Ρ6661 Parma) 3536.
1666666668660161. 1356, 1496, 20266, 3370.

16666666 (D. Besaacan) 2046.

16666, D 27666.

16061166 ver gl 11666οα11.

161611, Bisclz. v. Ρ1666666 2226, 28006, 2816,
2986, 3146, 3196, 3276, 3376, 3536.

1661616, 8116616 (D. Pavia) 2150, 2746,
2810, 2990, 3006, 3196, 3376, 3536, 3856,
4046.

16666611, D. 26166.

Terracina, D. 1176, 2076.

1 1166116666, 816616. v. 0161613806.

11666οα11, Aet v. 1116666616 2466.

1166606161, 1316616. v. Arezeo 1306.

11666οα11, Bisclz. v. Clziusi 3836.

11666οα11, 016616. v. Verona 1370, 20706.

1 11660611, Ble'rger v. Anagni 2316.

8110161661, 10661661061 1166166066) 2046.

1066166160 11, K'a'nig 166 06661666 16.

11666666, 8666016616. v. Canterbury 2196, 4106.

8. Thomassest 4096.

Ticinese Porta (Pavia) 1746.

116166, Fluss 1986.

16611616, 8. Maria del (D. Savona) 3756.

166611, 061 (Roma) 1076, 2416.

161616 D. 661 061 13506, 14966, 20260, 2110,

6666, 6646, 6666, 6666, 6616.
16116, Valle di (D. 11666666 ) 3856.
16666611, 061 (D. Pisa) 1006, 1700, 1740, 2216.

8. 1666666666 16166611 16 Picena, Kanvent v.

S. 3106116666 11 Balagna 2106.

8. 16666666611 Reggza nell Emilia 3916.
16666116, D. 2980.

1661, 3666661, 1166066616. v. Tarragana 1356,

1496, 2026.

166166, 16616276, 796, 1110, 2780, 28006,
6666, 6666.

166666, 061 (660166 8666661 16 8661161666)
1616.

16661, 061 (81666) 1120.

1661666, D. 6. 061 446, 896, 23760, 2456, 2576,
6666, 6666, 66966, 66666, 6666, 6666, 6666,
3536, 3626, 3846.

1666666, 166166166111796, 3206, 3560.

1661666611. 661 061170, 196.

1666611. 46.

166666, Kaneil v. 2116.

1666616, Bisclz. v. Pistaia 2536.

1666666166, Biscle. v. 6666113326.

1660016, Casa de Ponte 11, Kollegeatleirclze 6.
(D. Placenea) 806.

1666166, D. 1056, 2596, 3490.

16166, 0612970.

505

S. 161166611116666 3736.

8. 1616116 11 8666666616, Κ166166 (D Ploaglte
16 8661661661 1006.

8161611616 16661 (Siena) 1120.

Tripolis ,66.6]66166112720

16166111 (D. Alatri) 3090.

166661 6 vergl. 1666611.

1666166 vergl. 166166.

1666166 666611666666.

166661666 2246, 2286, 2296, 23006, 2636,
2040, 27460, 275606, 2766, 2,800 2810,
2826, 28360, 28466.

16116“ 6 86611 11 Bari 2426.

161111 6 86611, 1166611161 (D. Mantava) 2016.

U.

Ubalda vergl. Hubalel.

llberte vergl. Hubert.

006616, 6101668. 1366616116 Po (D. 11661666)
1056.

Ubera, Biscli. v. Aequi 3386.

11666616,Βί6616. v. 166661113396.

11161616 ( 1611661616) ΙΙ, Ρ6166’666166.6166116]’6
2556.

0166616 6011116666, Biscle. 6. Augsburg 4006.

066066666116 vergl. Ombrencello.

Umselerisl selelt 170.

1161661666 1161666616 840.

Untersclerist 360, 400, 410, 440, 456, 476, 516,
mmmmmmmwm
730, 756, 766, 786, 8060, 836, 840, 856, 876,
eea, 666, 666, eac, 666, 6666, zoa, 1080,
mmmmmmm
1246, 1250, 1206, 1280,1300,1310,1326,
6666, 6666, 6666, aaa, 6666, 6666, 6666,
6666, 6666, 6566, 6566, 6666, 6666, 6666,
1700, 1720, 1760, 1786,1796,1826,1846,
1850, 1920, 1936, 2016, 2036, 2080, 2096,
6666, 6666, 6666, 6666, 6666, 6666, 6666,
2356, 2510, 2530, 2540, 2500, 2590, 2020,
6666, 6666, esea, 6666, 6666, 6666, 6666,
3296, 3316, 3410, 3450, 3406, 3566, 3586,
6666, 6666, 6666, 6666, erec, 6666, 6666.

116066 II, Ρ6661170-190,

06066 111, 166613220-3446, 3516, 3070.

1166611 116616 (1666616) 2016.

V.

161 Fert 1666 ,1661660610 D. Benevento) 1710.

161616, St. 1116666666· eri, Klaster (D. 8666) 800
876, 2910, 4026.

16111166 vergl. Colle.

16166116, 16166166 (Gaetu) 1460.

Valle di Belbosca (1666616) 416.

1611611 Tolli (D. Ρ1666666 ) 3856.

16116616, 061 ( D. Pave'a) 2000.

1616606666, Κ166166 (D. Fiesele) 1106, 2346.

64·

 

