H

Index verborum.

A. armarium 4035.
111101111 80.
absolutio 21, 175, 1105. 1101111111113281.
1000101111111) 3775. assultus 255. ·
10110 465, 735, 3990. atrium 255, 305.
actionarius 425. auctoritas 15, 25, 515, 7150, 815, 910, 101,
actor 3245. 115, 1215, 130, 151, 161, 1710, 181), 191,
adiutoria 3291. 211, 2215, 235, 240, 251, 2710, 281, 291,
advocatus, advocatia 771, 821, 15415, 1590, 301, 3310, 375, 381, 4250, 430, 461, 471,
1675, 1880, 2735, 3251). 4850, 490, 5050, 5210, 5315, 541, 555,
10 011. 0. 561, 575, 580, 6050, 610, 620, 6350,
11501111112125. 6550, 675, 685, 690, 715, 720, 7615,
albergaria 3291. 771, 781, 791, 811, 821, 841, 855, 8615,
albergariam 36015. 871, 880, 905, 910, 931, 951, 965, 995,
111110881895, 1585. 10050, 101150, 1045, 1061, 1070, 1085,
allegatio 2800. 1095, 1105, 1120, 11510, 1165, 11815,
allodium, alodium 190, 201, 221, 301, 395, 585, 1200, 1215, 12250, 1230, 12450, 1265,
725, 840, 1155, 1550, 1575, 2005, 2965, 12710,1295, 13215, 1331, 13650, 1380,
3601. 1401, 141150, 1440, 1450, 14710, 1485,
1111012331. 1501, 1520, 15450, 1555, 15650, 15810,
1111511191, 101, 141, 305, 685, 1275, 2451, 16015, 1610, 16250, 1641, 1655, 1665,
2490, 2795, 2845, 3085, 3165, 3170, 3245, 16810, 1701, 1715, 17210, 173117715,
3765, 3820, 3911, 4035, 4070. 1795, 18011811, 1821, 1840, 1850, 1865,
1111111575, 1270. 19051921, 1935, 1940, 1970, 1991, 2005,
anniversarium 71. 2015, 2025, 2031, 2040, 2051, 20610, 2081,
Ι1111110 2875. 2095, 2105, 2130, 2141, 21550, 2175,
antiphona 21. 21850, 2205, 2211, 2235, 22515, 2271,
111111 1225, 2211, 2471, 3735, 3835, 3955, mab, 2301, 2311, 2335, 2355, 2365,
3965. 2381, 2405, 24115, 2445, 2450, 24650,
apotheca 1020. 2475, 2490, 2511, 2525, 25310, 2545,
appellatio 715, 822, 920, 16911740, 1751, 1111111101, 1111111111, 2590, 1001,
2021226173012375 23852391, 2405, 1111, 11111, 1111, 1011, 1011, 111111,
1411, 24315, 2090, 2631268126911 7731, 10111101,1111,1111,1141,11111,1111ο,
27810, 2795, 2800, 2810, 2841, 2861, 2985, 2801, 2815, 284150, 2855, 2865, 2870,
11111, 1011), 3111. 3151. auae, 31915, 1111,1101,1111,11111111111110111,
3251,33515,33813391353535413571, 11115, 10011, 1011, 1011, 1011, 1101,
36250, 3660, 3680, 37615, 3781, 3841, 3855, 30910, 3105, 31210, 31315, 31415, 3161,
3895, 390, 3915, 3931, 3375, 3980, 40115, 3185, 3201, 3215, 3225, 32350, 3251,
4025, 40450, 4061. 32615, 3271, 32915, 3305, 3315, 3320,
11111110113475. 3335, 3341, 33510, 33650, 340150, 34110,
aqueductus 1490, 2735, 3281. 3425, 3435, 3451, 3465, 3471, 3480, 35015,
aquimolum 2240, 3121. 3515, 3525, 3545, 35550, 35610, 3585,
aratorium 3341. 36110, 3635, 3640, 3651, 36615, 36750,
aratrum 2981, 3661. 3690, 3701, 3710, 3731, 3745, 37515,
1111111111. 3760, 3771, 3781, 3791, 3801, 381150,
1011111111. 38310, 38550, 3870, 3885, 3891, 3910,
1105111115111111113785. 3920, 39450, 3955, 3970, 3985, 3995,
argentum 1190. 40115, 4025, 4031, 4045, 40510, 4075, 4091.

 

