11. Index verborum.

commonitio 251.

communio 21, 30, 41, 211, 220, 251, 271, 281,
290, 350, 481, 510, 651,911,1220,1291,
1320, 1561, 1720, 1810, 18401910, 2031,
2360, 2560, 3051), 3081, 3431), 3811), 3941).

00000420.

concambium 3250.

concilium 50, 250, 2061), 2210, 2960, 3431).

concilium universale 2111).

confessio 2810.

confessor 1881).

confirmatio 1010, 3291).

conniventia 271.

consecratio 10, 30, 140, 150, 160, 191), 211),
220, 250, 281, 291, 350, 421), 481, 5110,
631), 640, 651), 780, 831), 860, 881), 960,
911, 961, 1061, 1080, 1121, 1151, 1220,
1240, 12910, 1481, 1531, 1561, 1581,
1710‚1800, 1821, 1840, 1910, 1930, 2040,
2181, 2201, 2311, 2460, 2500, 2541, 2651,

J 2671, 2901, 2961, 3051, 3681, 3321, 3410,

’ 3431, 3471, 3480, 3811.

consecratio 1001100) 10.

consilium commuue 2110, 257 c.

constitutio 50, 61, 1101, 150, 170, 260, 281,

290, 311, 321, 3400, 350, 360, 370, 381, Ι.
390, 420, 430, 470, 480, 571, 590, 600, 610, “

660, 671, 690, 710, 720, 761, 781, 791,

810, 851, 880, 901, 930, 950, 991,1010,

³ 1031, 1041, 1070, 1081, 1091, 11101130,
1141, 11510,1170,1180,1340, 1580, 1730,
1821, 1850, 2050, 2111, 2391, 2450, 2500,
2600, 2691, 2801, 2951, 29610, 3010, 3241,
3441, 4091.

consuetudo 90, 220, 250, 3310, 3410, 380, 431,
571, 710, 760, 920, 981, 1020,1030,1250,
1270, 136015610, 1640, 1730,1771,1981,
2050, 2101, 2120, 2241, 2300, 2310, 2400,
2431, 2901, 2950, 2970, 3111, 3140, 3151,

1 3241, 3290, 3341, 3360, 3431, 3480, 3521,
3551, 3601, 3710, 3741, 3771, 3801, 3871.

cousuetudo tributaiis 1971.

contractum pactionis 37 40.

coutumacia 8201.

conversio 481, 571, 850, 1060, 1221, 1270,
1341,1560,1611, 1720, 1970, 2471, 2541,
2650, 2660, 2761, 2921, 3311, 3321, 3431,
3531, 3640, 3690, 3811.

corporale 10.

correctio 1951, 3290, 3480.

corroboratio 70, 80, 90.

crimen 160, 2470.

crimen publicum 1561.

criminale peccatum 70.

· eripta166b‚ 3740.

crisma 10, 211, 291, 350, 421, 481, 511, 881,
900, 9210, 960, 1061, 1080, 1151, 1220,
1240, 1291, 1481, 15610, 1581, 1650,
1710, 1800, 1840, 1910, 1030, 2040, 2650,

483

2181, 2201, 2460, 2651, 2961, 3000, 3051,
3081, 3320, 3410, 3431, 3471, 3811.

crux 541, 780, 840, 860, 1820, 2580, 2620,
2871, 2901, 3940.

crypta 1511.

cultura 3341, 3820.

cupelia 2731.

curatura 1720.

curba 420.

ouria 2270.

curticella 3281.

curtis 1140, 1191.

custodem ponere 2870.

00010610 1361.

cyrographum 630.

cyrotheca cfr. cirotheca.

D.

dalmatica 881, 901, 1580, 2210, 2460.

datio 1340.

decima 40, 801, 120, 181, 2001, 291, 301, 3310,
3410, 351, 370, 3800, 450, 470, 481, 511,
541, 570, 600, 631, 651, 681, 700, 710,
791, 810, 850, 8600, 880, 891, 910, 920,
930, 950, 9601, 990, 1020, 10401, 10510,
1060,1080, 1091,1100,1111, 1130, 1140,
1101, 1100, 1000, raca, 1070, 1001001300,
1320, 1361, 1370, 138010, 1391, 1410,
1420, 1430, 1460, 1490,1500,1560,1581,
1600, 1610, 1620, 16501, 1711, 17200,
1760, 17701, 1781, 1800, 18300, 1871,
1890, 1901, 19110, 19610, 1971, 1081,
1991, 2031, 2041, 2060, 2071, 20901,
2100, 2121, 2130, 22410, 2301, 2331, 2350,
23801, 2390, 2411, 2430, 2460, 2470,
24901, 2500, 2510, 2530, 2571, 2580, 2600,
2610, 26200, 26710, 2760, 2720, 2730,
2750, 2761, 2771, 27810, 2831, 2841, 2861,
2871, 2880, 2921, 2961, 2980, 3051, 3081,
31110, 3150, 3161, 31700, 3230, 3260,
3270, 328010, 3311, 33210, 3331, 3340,
3360, 3440, 3460, 3470, 3520, 35301,
3551, 3580, 362010, 3640, 3681, 3690,
3710, 3820, 38900, 3941.

decima decimarum 1391, 1460, 2350.

decimale 3150.

decimatio 111, 391, 4610, 520, 580, 670, 721,
1120, 1240, 1300, 1361, 1430, 1460, 1521,
1960, 21610, 2181, 2361, 2831, 3120, 3211,
3331, 3550, 360010.

decumanus, decumanus 2120, 3220.

decretum 21, 110, 130, 1401, 150, 160170,
18010, 190, 210, 2201, 251, 270, 421, 461,
631, 961, 1101, 1180, 1270, 1300, 1390,
1431, 15201560, 1610, 1620, 1771, 1831,
1860, 18701890, 1901, 1920, 1971, 2040,
2120, 2350, 23601, 2640, 2700, 2921, 3361.

dedicatio 70, 831, 4020, 4030.

 

