Ῑ. Index 8511118881. 439

0818118888, Victor iv antipapa 2155, 2328. l Orgia, eool. 8. Trinitatis 118 (S. 118181188111888)
0818118888818511151. S. Tritonis (Romo) 3738 585, 725.
0118118888, diae. 88111. 8. 11188181 18 8818818 ’181- 0118 (1111811181) 685, 2058.
11888 408, 418, 448, 578, 598, 628, 658, 665, 0118818118 porta (S. Dioaiqio 111 Milone) 2125.
678, 708, 768, le,7 98, 805, 815, 855, 878, Oritanum (Β11811181) 20558, 2818, 8005.
918, 938, 968, 995, 1215. 8. 0118188888118(Ρ818918) 3715.
Octavianus, 11188. 88111. 88. Sergii 81 Baebi 3048, 011188118 (Ρ188) 3558.
3098, 3118, 3305, 3338, 3498, 3568, 3585, 0118181881) 111 1781888988) 1488.
3655, 3688, 3705, 3728, 3738. 0188118 mons (01888818) 3605.
0818118888, eps. Hostiensis 81 Velletrensis 3745, 088888 (Arenae) 1365.
3798, 3948, 3958. Osiuina (S. 1111111181) di 81888) 2888.
01181188881851.88111111808811181085,1145, 088888 (Notae-Deme 81 St-Pot 118 Besan-
1168, 1188, 1238, 1258, 1288, 13381358, 888) 128.
1378, 1418, 1448, 1471), 1481), 1518, 1558, 08118, 8. 51185881 18118 (S. 1111811818 18 Pescaro)
1578, 15881598, 16581668, 17381768, 34558.
1118181818881888,1881881188. Ostiensis eps. 818, aas, 1111, 1118, iarn,
08181811108888) 1261), 1655. 1228, 1288, 1258, 1288, 1308, 1311), 1338,
018111881118188818868. 1348, 13681418, 1478, 1485, 1508, 1518,
01118811. 01180118. 1568, 1601, 1638, 1648, 1668, 1998, 2008,
011118, diae. 88111. S. Nicolai in 8818818 Tulliano 2018, 2031), 2058, 2078, 2081), 2091), 2108,
1881, nass, 1881, 1881, 1881, 1818, raab, 8181, arenosos, 8881, nasa, 8888, 8888,
raon, 1881, 1188, 1188, 1111, 1111, 1118, 88181818188881,8181, essa, 8811,
1485, 1518, 1558, 1578, 1601), 1628, 1638, 2648, 2655, 2708, 2718, 2868, 3265, 3298,
1818, rosc, 1881, rios, 1111, 1111, 1888, aeon, 8811, eras, 8181, 8181, 8181, ersa,
1811, 1811, 1188, 1118, seen, 8888. suaa, esan, 8111, 8881, suen, 8181, sese,
Oddo Frangentispanern 1625. 3958.
01118 118 Insula, aivis Romanus 2778. 0158881181) (81.-Μ881188-88-178181’8) 868.
011118, prepos. S. Antonini (Piscenae) 928. 0118, eir. Oddo, 0118.
0118111888, prepoe Senensis 2888. 0118, abb. S. Petri (0181110018) 1585.
0111885588 (11111888) 178. 0118, eomes de Woliorthansen 1878, 18988.
0118881888 (Nogea) 58. 0118, diae. 88111. S. Georgii 811 Veluru aureum
011811188881118118. 1168, 1178. 408, 418, 438, 448, 455, 475, 528, 565,
01188, (1881181118 3325. 578, 658, 665, 678, 688, 708, 718, 738, 748,
01111188, aps. Cremonensis 2305, 2768, 2815. . 785, 798, 805, 815, 828, 855, 898, 905,
Ogerii insula (S. Maria (1118881118) 3645. 938, 948, 995, 1028, 1035, 1048, 1108,
01811118,8181).8188188111188888818(5.13818888 1128, 1145, 1168, 1178, 1198, 1215, 1228,
1110888118) 3888. ’ 1238, 1268, 1288, 1308, 1325, 1338, 1358,
018188(0818118) 818. 1378, 1398, 1405, 1415, 1435, 1448, 1468,
0111818, 88181 Η81118181 episcopi 58. 1505, 1518, 1658, 1668, 1708, 1728, 17 38,
Oldepissum (S. Poneiano 1818111) 1638. 1768, 1778, 1788, 1795, 1815, 1825, 1848,
0181888, S. Nieolaus de (Venssme) 225. 186b,1900‚ 192a,193b, 19588, 20088, 2035,
01818818 188818 (18811088) 225. 2058, 2078, 2085, 2488.
0115881181 (Tenet) 2428. 0118, aps. Bsbenbergensis 848.
S. Oliva ecel. (181811) 505, 1445. 0118, filins Peregrini 508, 1448.
oliverius, abb. 8. Β81158188181 (carpeneto) Otto imperator 4075.
2198. 01881881 11118 (S. Frediano 11118888) 1568.
0111811), populus 118 (08118) 968, 1295, 1915. Ovilia, 8. Ρ81188118(01’81811’011) 898.
0111818 (Nisae) 558, 1945. 0111188818 plebs (Ante) 1425.
01818881) aps. 258. 0118, 8. Georgius 118 (S. 11181111 di Soocorpt'a)
Ornelia, abbatissa Senatoris (Penio) 3078. 1618.
Omnibonus, aps. Veronensis 258a. 018 Ρ81888 (Solebam) 2328.
08818, Η818Ιο 118 3495. 0888885, 8881. 11801811) 1425.
8. 0881111 eool. (S. Maria 18 0111118) 3058.
Opednni plebs (Verona) 1385. Ρ.
Opitbo, eps. Pisanus 1468.
8. Oportune 8881. (81.-Α858“8 11118988) 205. Pederno (14811) 1438.
81181181118111) son. 111118181181118118188.
Organo, S. 11811818 3138, 3148. Padus 938, 1068, 2165, 22858, 3345.
0111801. 11818888 1111888) 395. Paduanus eps. 216b, 2438, 3295, 3495.

 

